4 306
4 422
4 484
4 505
5 205
5 253
5 425
5 444
5 502
6 147
6 187
6 249
6 304
6 394
6 396
6 409
6 441
6 504
7 0
7 13
7 35
7 66
7 183
7 325
7 327
7 433
7 443
7 454
7 471
7 488
7 489
8 84
8 213
8 237
8 347
8 405
8 423
8 429
8 463
8 466
8 474
8 507
8 510
9 2
9 43
9 92
9 107
9 114
9 138
9 146
9 202
9 254
9 394
9 432
9 446
9 458
9 460
9 472
9 505
10 7
10 39
10 44
10 64
10 93
10 101
10 148
10 201
10 209
10 247
10 269
10 302
10 314
10 320
10 322
10 373
10 380
10 434
10 467
10 508
11 36
11 49
11 77
11 85
11 113
11 118
11 150
11 172
11 187
11 220
11 221
11 227
11 263
11 284
11 329
11 335
11 404
11 407
11 416
11 417
11 437
11 447
11 449
11 452
11 453
11 456
11 462
11 487
11 498
11 509
12 5
12 8
12 30
12 63
12 73
12 98
12 106
12 108
12 117
12 125
12 128
12 143
12 152
12 154
12 156
12 164
12 174
12 180
12 198
12 199
12 222
12 264
12 274
12 279
12 288
12 310
12 311
12 315
12 316
12 318
12 326
12 328
12 330
12 339
12 341
12 355
12 378
12 381
12 408
12 410
12 415
12 420
12 431
12 435
12 436
12 439
12 440
12 443
12 451
12 455
12 459
12 464
12 473
12 475
12 478
12 480
12 490
12 492
12 494
12 501
13 20
13 29
13 46
13 55
13 56
13 59
13 62
13 68
13 72
13 74
13 76
13 82
13 83
13 86
13 88
13 94
13 97
13 100
13 103
13 111
13 113
13 135
13 142
13 144
13 145
13 159
13 163
13 166
13 170
13 179
13 181
13 185
13 186
13 189
13 194
13 195
13 204
13 217
13 218
13 220
13 230
13 234
13 235
13 240
13 241
13 245
13 255
13 256
13 260
13 261
13 262
13 270
13 271
13 272
13 280
13 287
13 291
13 292
13 293
13 294
13 295
13 313
13 321
13 323
13 325
13 334
13 336
13 342
13 343
13 345
13 351
13 356
13 362
13 369
13 385
13 388
13 393
13 395
13 413
13 414
13 418
13 424
13 429
13 430
13 457
13 466
13 470
13 471
13 477
13 479
13 482
13 485
13 491
13 495
13 503
13 511
14 3
14 4
14 5
14 6
14 9
14 10
14 11
14 12
14 13
14 14
14 15
14 16
14 17
14 18
14 19
14 21
14 22
14 24
14 25
14 28
14 34
14 35
14 37
14 38
14 40
14 45
14 47
14 48
14 50
14 52
14 53
14 54
14 58
14 60
14 61
14 64
14 65
14 67
14 69
14 70
14 71
14 73
14 75
14 78
14 79
14 80
14 81
14 87
14 89
14 90
14 91
14 95
14 104
14 105
14 109
14 112
14 114
14 115
14 120
14 122
14 123
14 124
14 128
14 130
14 131
14 132
14 136
14 137
14 138
14 140
14 147
14 148
14 150
14 151
14 153
14 154
14 158
14 160
14 162
14 165
14 167
14 168
14 169
14 171
14 173
14 175
14 177
14 178
14 180
14 182
14 184
14 187
14 188
14 190
14 191
14 193
14 200
14 202
14 203
14 206
14 207
14 210
14 212
14 214
14 215
14 219
14 222
14 223
14 224
14 225
14 226
14 228
14 232
14 237
14 238
14 239
14 243
14 244
14 246
14 250
14 252
14 257
14 266
14 269
14 275
14 278
14 281
14 283
14 286
14 288
14 289
14 298
14 299
14 301
14 303
14 305
14 308
14 312
14 315
14 324
14 327
14 337
14 338
14 340
14 346
14 352
14 353
14 357
14 359
14 361
14 363
14 364
14 366
14 367
14 372
14 374
14 375
14 379
14 383
14 384
14 386
14 387
14 389
14 390
14 391
14 398
14 400
14 402
14 407
14 411
14 412
14 419
14 421
14 426
14 427
14 428
14 434
14 438
14 442
14 450
14 452
14 454
14 458
14 461
14 463
14 465
14 468
14 469
14 472
14 474
14 476
14 481
14 483
14 484
14 486
14 493
14 496
14 499
14 500
14 502
14 506
14 510
15 2
15 5
15 7
15 8
15 14
15 20
15 23
15 24
15 26
15 27
15 29
15 30
15 31
15 32
15 33
15 36
15 38
15 39
15 40
15 41
15 42
15 43
15 44
15 46
15 47
15 49
15 51
15 55
15 56
15 57
15 58
15 59
15 62
15 63
15 64
15 66
15 68
15 72
15 74
15 77
15 79
15 82
15 83
15 84
15 85
15 86
15 88
15 90
15 92
15 93
15 94
15 96
15 97
15 98
15 99
15 101
15 102
15 103
15 106
15 108
15 110
15 111
15 113
15 116
15 117
15 118
15 119
15 121
15 122
15 123
15 125
15 126
15 127
15 129
15 130
15 133
15 134
15 135
15 137
15 139
15 141
15 143
15 144
15 145
15 146
15 149
15 155
15 156
15 157
15 159
15 160
15 161
15 163
15 164
15 166
15 169
15 170
15 172
15 174
15 176
15 179
15 181
15 183
15 185
15 186
15 187
15 188
15 190
15 192
15 194
15 195
15 196
15 197
15 198
15 199
15 201
15 204
15 205
15 208
15 209
15 211
15 212
15 213
15 216
15 217
15 218
15 220
15 222
15 223
15 224
15 227
15 229
15 230
15 231
15 233
15 234
15 235
15 236
15 237
15 240
15 241
15 242
15 245
15 247
15 248
15 249
15 251
15 253
15 255
15 256
15 258
15 259
15 260
15 261
15 262
15 263
15 264
15 265
15 267
15 268
15 270
15 271
15 272
15 273
15 274
15 275
15 276
15 277
15 279
15 280
15 282
15 283
15 284
15 285
15 287
15 290
15 292
15 293
15 294
15 295
15 296
15 297
15 300
15 302
15 305
15 306
15 307
15 309
15 310
15 313
15 316
15 317
15 318
15 319
15 320
15 321
15 323
15 325
15 326
15 328
15 329
15 330
15 331
15 332
15 333
15 334
15 335
15 336
15 339
15 341
15 342
15 344
15 345
15 348
15 349
15 350
15 351
15 352
15 354
15 355
15 356
15 358
15 360
15 362
15 365
15 367
15 368
15 369
15 370
15 371
15 373
15 376
15 377
15 378
15 380
15 382
15 385
15 387
15 388
15 391
15 392
15 393
15 394
15 395
15 396
15 397
15 399
15 401
15 403
15 404
15 405
15 406
15 408
15 409
15 413
15 414
15 416
15 417
15 418
15 420
15 422
15 423
15 424
15 425
15 429
15 430
15 431
15 432
15 433
15 435
15 437
15 441
15 443
15 444
15 445
15 446
15 447
15 448
15 449
15 451
15 455
15 457
15 459
15 460
15 462
15 464
15 466
15 467
15 470
15 471
15 473
15 475
15 478
15 479
15 480
15 482
15 485
15 487
15 488
15 489
15 490
15 491
15 492
15 494
15 497
15 498
15 501
15 503
15 504
15 505
15 508
15 509
16 0
16 3
16 4
16 5
16 6
16 8
16 9
16 10
16 11
16 12
16 13
16 14
16 15
16 16
16 17
16 18
16 19
16 20
16 21
16 22
16 23
16 24
16 25
16 26
16 27
16 28
16 29
16 30
16 31
16 32
16 33
16 34
16 35
16 37
16 38
16 40
16 41
16 42
16 43
16 45
16 46
16 47
16 48
16 49
16 50
16 51
16 52
16 53
16 54
16 55
16 56
16 57
16 58
16 60
16 61
16 62
16 63
16 64
16 65
16 66
16 67
16 68
16 69
16 70
16 71
16 72
16 73
16 74
16 75
16 76
16 77
16 78
16 79
16 80
16 81
16 82
16 83
16 84
16 85
16 86
16 87
16 88
16 89
16 90
16 91
16 92
16 93
16 94
16 95
16 96
16 97
16 98
16 100
16 101
16 103
16 104
16 105
16 106
16 107
16 109
16 111
16 112
16 113
16 114
16 115
16 117
16 118
16 119
16 120
16 121
16 122
16 123
16 124
16 125
16 126
16 127
16 128
16 129
16 130
16 131
16 132
16 133
16 134
16 135
16 136
16 137
16 138
16 139
16 140
16 141
16 142
16 143
16 144
16 145
16 146
16 147
16 148
16 149
16 150
16 151
16 152
16 153
16 154
16 155
16 158
16 159
16 160
16 161
16 162
16 163
16 164
16 165
16 167
16 168
16 169
16 170
16 171
16 173
16 175
16 176
16 177
16 178
16 180
16 182
16 184
16 185
16 187
16 188
16 189
16 190
16 191
16 192
16 193
16 194
16 195
16 196
16 197
16 198
16 199
16 200
16 201
16 202
16 203
16 204
16 205
16 206
16 207
16 208
16 209
16 210
16 211
16 212
16 214
16 215
16 217
16 218
16 219
16 220
16 221
16 222
16 223
16 224
16 225
16 226
16 228
16 229
16 230
16 232
16 233
16 234
16 235
16 236
16 237
16 238
16 239
16 240
16 241
16 242
16 243
16 244
16 245
16 246
16 247
16 248
16 250
16 251
16 252
16 253
16 254
16 255
16 256
16 257
16 258
16 259
16 260
16 261
16 262
16 264
16 265
16 266
16 267
16 268
16 269
16 270
16 271
16 272
16 273
16 275
16 277
16 278
16 279
16 280
16 281
16 283
16 284
16 285
16 286
16 287
16 288
16 289
16 290
16 291
16 293
16 295
16 296
16 297
16 298
16 299
16 300
16 301
16 302
16 303
16 304
16 305
16 306
16 307
16 308
16 309
16 311
16 312
16 313
16 314
16 315
16 316
16 319
16 321
16 322
16 323
16 324
16 325
16 326
16 327
16 328
16 329
16 331
16 332
16 333
16 334
16 336
16 337
16 338
16 339
16 340
16 341
16 342
16 343
16 344
16 346
16 347
16 348
16 349
16 350
16 351
16 352
16 353
16 354
16 355
16 357
16 358
16 359
16 361
16 362
16 363
16 364
16 365
16 366
16 367
16 368
16 369
16 370
16 371
16 372
16 373
16 374
16 375
16 376
16 378
16 379
16 380
16 381
16 382
16 383
16 384
16 385
16 386
16 387
16 388
16 389
16 390
16 391
16 392
16 393
16 394
16 395
16 396
16 397
16 398
16 399
16 400
16 401
16 402
16 403
16 405
16 406
16 407
16 408
16 410
16 411
16 412
16 413
16 414
16 415
16 416
16 417
16 419
16 420
16 421
16 423
16 424
16 425
16 426
16 427
16 428
16 429
16 430
16 431
16 432
16 434
16 435
16 436
16 437
16 438
16 439
16 440
16 441
16 442
16 443
16 445
16 446
16 447
16 448
16 449
16 450
16 451
16 452
16 453
16 454
16 456
16 457
16 458
16 459
16 460
16 461
16 462
16 463
16 464
16 465
16 466
16 467
16 468
16 469
16 470
16 471
16 472
16 473
16 474
16 475
16 476
16 477
16 478
16 479
16 480
16 481
16 482
16 483
16 484
16 485
16 486
16 488
16 489
16 490
16 493
16 494
16 495
16 496
16 498
16 499
16 500
16 501
16 502
16 503
16 504
16 505
16 506
16 507
16 508
16 509
16 510
16 511
17 0
17 2
17 3
17 4
17 5
17 6
17 7
17 8
17 9
17 10
17 11
17 12
17 13
17 14
17 15
17 16
17 17
17 18
17 19
17 20
17 21
17 22
17 23
17 24
17 25
17 26
17 27
17 28
17 29
17 30
17 31
17 32
17 33
17 34
17 35
17 36
17 37
17 38
17 39
17 40
17 41
17 42
17 43
17 44
17 45
17 46
17 47
17 48
17 49
17 50
17 51
17 52
17 53
17 54
17 55
17 56
17 57
17 58
17 59
17 60
17 61
17 62
17 63
17 64
17 65
17 66
17 67
17 68
17 69
17 70
17 71
17 72
17 73
17 74
17 75
17 76
17 77
17 78
17 79
17 80
17 81
17 82
17 83
17 84
17 85
17 86
17 87
17 88
17 89
17 90
17 91
17 92
17 93
17 94
17 95
17 96
17 97
17 98
17 99
17 100
17 101
17 102
17 103
17 104
17 105
17 106
17 107
17 108
17 109
17 110
17 111
17 112
17 113
17 114
17 115
17 116
17 117
17 118
17 119
17 120
17 121
17 122
17 123
17 124
17 125
17 126
17 127
17 128
17 129
17 130
17 131
17 132
17 133
17 134
17 135
17 136
17 137
17 138
17 139
17 140
17 141
17 142
17 143
17 144
17 145
17 146
17 147
17 148
17 149
17 150
17 151
17 152
17 153
17 154
17 155
17 156
17 157
17 158
17 159
17 160
17 161
17 162
17 163
17 164
17 165
17 166
17 167
17 168
17 169
17 170
17 171
17 172
17 173
17 174
17 175
17 176
17 177
17 178
17 179
17 180
17 181
17 182
17 183
17 184
17 185
17 186
17 187
17 188
17 189
17 190
17 191
17 192
17 193
17 194
17 195
17 196
17 197
17 198
17 199
17 200
17 201
17 202
17 203
17 204
17 205
17 206
17 207
17 208
17 209
17 210
17 211
17 212
17 213
17 214
17 215
17 216
17 217
17 218
17 219
17 220
17 221
17 222
17 223
17 224
17 225
17 226
17 227
17 228
17 229
17 230
17 231
17 232
17 233
17 234
17 235
17 236
17 237
17 238
17 239
17 240
17 241
17 242
17 243
17 244
17 245
17 246
17 247
17 248
17 249
17 250
17 251
17 252
17 253
17 254
17 255
17 256
17 257
17 258
17 259
17 260
17 261
17 262
17 263
17 264
17 265
17 266
17 267
17 268
17 269
17 270
17 271
17 272
17 273
17 274
17 275
17 276
17 277
17 278
17 279
17 280
17 281
17 282
17 283
17 284
17 285
17 286
17 287
17 288
17 289
17 290
17 291
17 292
17 293
17 294
17 295
17 296
17 297
17 298
17 299
17 300
17 301
17 302
17 303
17 304
17 305
17 306
17 307
17 308
17 309
17 310
17 311
17 312
17 313
17 314
17 315
17 316
17 317
17 318
17 319
17 320
17 321
17 322
17 323
17 324
17 325
17 326
17 327
17 328
17 329
17 330
17 331
17 332
17 333
17 334
17 335
17 336
17 337
17 338
17 339
17 340
17 341
17 342
17 343
17 344
17 345
17 346
17 347
17 348
17 349
17 350
17 351
17 352
17 353
17 354
17 355
17 356
17 357
17 358
17 359
17 360
17 361
17 362
17 363
17 364
17 365
17 366
17 367
17 368
17 369
17 370
17 371
17 372
17 373
17 374
17 375
17 376
17 377
17 378
17 379
17 380
17 381
17 382
17 383
17 384
17 385
17 386
17 387
17 388
17 389
17 390
17 391
17 392
17 393
17 394
17 395
17 396
17 397
17 398
17 399
17 400
17 401
17 402
17 403
17 404
17 405
17 406
17 407
17 408
17 409
17 410
17 411
17 412
17 413
17 414
17 415
17 416
17 417
17 418
17 419
17 420
17 421
17 422
17 423
17 424
17 425
17 426
17 427
17 428
17 429
17 430
17 431
17 432
17 433
17 434
17 435
17 436
17 437
17 438
17 439
17 440
17 441
17 442
17 443
17 444
17 445
17 446
17 447
17 448
17 449
17 450
17 451
17 452
17 453
17 454
17 455
17 456
17 457
17 458
17 459
17 460
17 461
17 462
17 463
17 464
17 465
17 466
17 467
17 468
17 469
17 470
17 471
17 472
17 473
17 474
17 475
17 476
17 477
17 478
17 479
17 480
17 481
17 482
17 483
17 484
17 485
17 486
17 487
17 488
17 489
17 490
17 491
17 492
17 493
17 494
17 495
17 496
17 497
17 498
17 499
17 500
17 501
17 502
17 503
17 504
17 505
17 506
17 507
17 508
17 509
17 510
17 511
18 0
18 2
18 3
18 4
18 5
18 6
18 7
18 8
18 9
18 10
18 11
18 12
18 13
18 14
18 15
18 16
18 17
18 18
18 19
18 20
18 21
18 22
18 23
18 24
18 25
18 26
18 27
18 28
18 29
18 30
18 31
18 32
18 33
18 34
18 35
18 36
18 37
18 38
18 39
18 40
18 41
18 42
18 43
18 44
18 45
18 46
18 47
18 48
18 49
18 50
18 51
18 52
18 53
18 54
18 55
18 56
18 57
18 58
18 59
18 60
18 61
18 62
18 63
18 64
18 65
18 66
18 67
18 68
18 69
18 70
18 71
18 72
18 73
18 74
18 75
18 76
18 77
18 78
18 79
18 80
18 81
18 82
18 83
18 84
18 85
18 86
18 87
18 88
18 89
18 90
18 91
18 92
18 93
18 94
18 95
18 96
18 97
18 98
18 99
18 100
18 101
18 102
18 103
18 104
18 105
18 106
18 107
18 108
18 109
18 110
18 111
18 112
18 113
18 114
18 115
18 116
18 117
18 118
18 119
18 120
18 121
18 122
18 123
18 124
18 125
18 126
18 127
18 128
18 129
18 130
18 131
18 132
18 133
18 134
18 135
18 136
18 137
18 138
18 139
18 140
18 141
18 142
18 143
18 144
18 145
18 146
18 147
18 148
18 149
18 150
18 151
18 152
18 153
18 154
18 155
18 156
18 157
18 158
18 159
18 160
18 161
18 162
18 163
18 164
18 165
18 166
18 167
18 168
18 169
18 170
18 171
18 172
18 173
18 174
18 175
18 176
18 177
18 178
18 179
18 180
18 181
18 182
18 183
18 184
18 185
18 186
18 187
18 188
18 189
18 190
18 191
18 192
18 193
18 194
18 195
18 196
18 197
18 198
18 199
18 200
18 201
18 202
18 203
18 204
18 205
18 206
18 207
18 208
18 209
18 210
18 211
18 212
18 213
18 214
18 215
18 216
18 217
18 218
18 219
18 220
18 221
18 222
18 223
18 224
18 225
18 226
18 227
18 228
18 229
18 230
18 231
18 232
18 233
18 234
18 235
18 236
18 237
18 238
18 239
18 240
18 241
18 242
18 243
18 244
18 245
18 246
18 247
18 248
18 249
18 250
18 251
18 252
18 253
18 254
18 255
18 256
18 257
18 258
18 259
18 260
18 261
18 262
18 263
18 264
18 265
18 266
18 267
18 268
18 269
18 270
18 271
18 272
18 273
18 274
18 275
18 276
18 277
18 278
18 279
18 280
18 281
18 282
18 283
18 284
18 285
18 286
18 287
18 288
18 289
18 290
18 291
18 292
18 293
18 294
18 295
18 296
18 297
18 298
18 299
18 300
18 301
18 302
18 303
18 304
18 305
18 306
18 307
18 308
18 309
18 310
18 311
18 312
18 313
18 314
18 315
18 316
18 317
18 318
18 319
18 320
18 321
18 322
18 323
18 324
18 325
18 326
18 327
18 328
18 329
18 330
18 331
18 332
18 333
18 334
18 335
18 336
18 337
18 338
18 339
18 340
18 341
18 342
18 343
18 344
18 345
18 346
18 347
18 348
18 349
18 350
18 351
18 352
18 353
18 354
18 355
18 356
18 357
18 358
18 359
18 360
18 361
18 362
18 363
18 364
18 365
18 366
18 367
18 368
18 369
18 370
18 371
18 372
18 373
18 374
18 375
18 376
18 377
18 378
18 379
18 380
18 381
18 382
18 383
18 384
18 385
18 386
18 387
18 388
18 389
18 390
18 391
18 392
18 393
18 394
18 395
18 396
18 397
18 398
18 399
18 400
18 401
18 402
18 403
18 404
18 405
18 406
18 407
18 408
18 409
18 410
18 411
18 412
18 413
18 414
18 415
18 416
18 417
18 418
18 419
18 420
18 421
18 422
18 423
18 424
18 425
18 426
18 427
18 428
18 429
18 430
18 431
18 432
18 433
18 434
18 435
18 436
18 437
18 438
18 439
18 440
18 441
18 442
18 443
18 444
18 445
18 446
18 447
18 448
18 449
18 450
18 451
18 452
18 453
18 454
18 455
18 456
18 457
18 458
18 459
18 460
18 461
18 462
18 463
18 464
18 465
18 466
18 467
18 468
18 469
18 470
18 471
18 472
18 473
18 474
18 475
18 476
18 477
18 478
18 479
18 480
18 481
18 482
18 483
18 484
18 485
18 486
18 487
18 488
18 489
18 490
18 491
18 492
18 493
18 494
18 495
18 496
18 497
18 498
18 499
18 500
18 501
18 502
18 503
18 504
18 505
18 506
18 507
18 508
18 509
18 510
18 511
19 2
19 3
19 4
19 5
19 6
19 7
19 8
19 9
19 10
19 11
19 12
19 13
19 14
19 15
19 16
19 17
19 18
19 19
19 20
19 21
19 22
19 23
19 24
19 25
19 26
19 27
19 28
19 29
19 30
19 31
19 32
19 33
19 34
19 35
19 36
19 37
19 38
19 39
19 40
19 41
19 42
19 43
19 44
19 45
19 46
19 47
19 48
19 49
19 50
19 51
19 52
19 53
19 54
19 55
19 56
19 57
19 58
19 59
19 60
19 61
19 62
19 63
19 64
19 65
19 66
19 67
19 68
19 69
19 70
19 71
19 72
19 73
19 74
19 75
19 76
19 77
19 78
19 79
19 80
19 81
19 82
19 83
19 84
19 85
19 86
19 87
19 88
19 89
19 90
19 91
19 92
19 93
19 94
19 95
19 96
19 97
19 98
19 99
19 100
19 101
19 102
19 103
19 104
19 105
19 106
19 107
19 108
19 109
19 110
19 111
19 112
19 113
19 114
19 115
19 116
19 117
19 118
19 119
19 120
19 121
19 122
19 123
19 124
19 125
19 126
19 127
19 128
19 129
19 130
19 131
19 132
19 133
19 134
19 135
19 136
19 137
19 138
19 139
19 140
19 141
19 142
19 143
19 144
19 145
19 146
19 147
19 148
19 149
19 150
19 151
19 152
19 153
19 154
19 155
19 156
19 157
19 158
19 159
19 160
19 161
19 162
19 163
19 164
19 165
19 166
19 167
19 168
19 169
19 170
19 171
19 172
19 173
19 174
19 175
19 176
19 177
19 178
19 179
19 180
19 181
19 182
19 183
19 184
19 185
19 186
19 187
19 188
19 189
19 190
19 191
19 192
19 193
19 194
19 195
19 196
19 197
19 198
19 199
19 200
19 201
19 202
19 203
19 204
19 205
19 206
19 207
19 208
19 209
19 210
19 211
19 212
19 213
19 214
19 215
19 216
19 217
19 218
19 219
19 220
19 221
19 222
19 223
19 224
19 225
19 226
19 227
19 228
19 229
19 230
19 231
19 232
19 233
19 234
19 235
19 236
19 237
19 238
19 239
19 240
19 241
19 242
19 243
19 244
19 245
19 246
19 247
19 248
19 249
19 250
19 251
19 252
19 253
19 254
19 255
19 256
19 257
19 258
19 259
19 260
19 261
19 262
19 263
19 264
19 265
19 266
19 267
19 268
19 269
19 270
19 271
19 272
19 273
19 274
19 275
19 276
19 277
19 278
19 279
19 280
19 281
19 282
19 283
19 284
19 285
19 286
19 287
19 288
19 289
19 290
19 291
19 292
19 293
19 294
19 295
19 296
19 297
19 298
19 299
19 300
19 301
19 302
19 303
19 304
19 305
19 306
19 307
19 308
19 309
19 310
19 311
19 312
19 313
19 314
19 315
19 316
19 317
19 318
19 319
19 320
19 321
19 322
19 323
19 324
19 325
19 326
19 327
19 328
19 329
19 330
19 331
19 332
19 333
19 334
19 335
19 336
19 337
19 338
19 339
19 340
19 341
19 342
19 343
19 344
19 345
19 346
19 347
19 348
19 349
19 350
19 351
19 352
19 353
19 354
19 355
19 356
19 357
19 358
19 359
19 360
19 361
19 362
19 363
19 364
19 365
19 366
19 367
19 368
19 369
19 370
19 371
19 372
19 373
19 374
19 375
19 376
19 377
19 378
19 379
19 380
19 381
19 382
19 383
19 384
19 385
19 386
19 387
19 388
19 389
19 390
19 391
19 392
19 393
19 394
19 395
19 396
19 397
19 398
19 399
19 400
19 401
19 402
19 403
19 404
19 405
19 406
19 407
19 408
19 409
19 410
19 411
19 412
19 413
19 414
19 415
19 416
19 417
19 418
19 419
19 420
19 421
19 422
19 423
19 424
19 425
19 426
19 427
19 428
19 429
19 430
19 431
19 432
19 433
19 434
19 435
19 436
19 437
19 438
19 439
19 440
19 441
19 442
19 443
19 444
19 445
19 446
19 447
19 448
19 449
19 450
19 451
19 452
19 453
19 454
19 455
19 456
19 457
19 458
19 459
19 460
19 461
19 462
19 463
19 464
19 465
19 466
19 467
19 468
19 469
19 470
19 471
19 472
19 473
19 474
19 475
19 476
19 477
19 478
19 479
19 480
19 481
19 482
19 483
19 484
19 485
19 486
19 487
19 488
19 489
19 490
19 491
19 492
19 493
19 494
19 495
19 496
19 497
19 498
19 499
19 500
19 501
19 502
19 503
19 504
19 505
19 506
19 507
19 508
19 509
19 510
19 511
20 0
20 2
20 3
20 4
20 5
20 6
20 7
20 8
20 9
20 10
20 11
20 12
20 13
20 14
20 15
20 16
20 17
20 18
20 19
20 20
20 21
20 22
20 23
20 24
20 25
20 26
20 27
20 28
20 29
20 30
20 31
20 32
20 33
20 34
20 35
20 36
20 37
20 38
20 39
20 40
20 41
20 42
20 43
20 44
20 45
20 46
20 47
20 48
20 49
20 50
20 51
20 52
20 53
20 54
20 55
20 56
20 57
20 58
20 59
20 60
20 61
20 62
20 63
20 64
20 65
20 66
20 67
20 68
20 69
20 70
20 71
20 72
20 73
20 74
20 75
20 76
20 77
20 78
20 79
20 80
20 81
20 82
20 83
20 84
20 85
20 86
20 87
20 88
20 89
20 90
20 91
20 92
20 93
20 94
20 95
20 96
20 97
20 98
20 99
20 100
20 101
20 102
20 103
20 104
20 105
20 106
20 107
20 108
20 109
20 110
20 111
20 112
20 113
20 114
20 115
20 116
20 117
20 118
20 119
20 120
20 121
20 122
20 123
20 124
20 125
20 126
20 127
20 128
20 129
20 130
20 131
20 132
20 133
20 134
20 135
20 136
20 137
20 138
20 139
20 140
20 141
20 142
20 143
20 144
20 145
20 146
20 147
20 148
20 149
20 150
20 151
20 152
20 153
20 154
20 155
20 156
20 157
20 158
20 159
20 160
20 161
20 162
20 163
20 164
20 165
20 166
20 167
20 168
20 169
20 170
20 171
20 172
20 173
20 174
20 175
20 176
20 177
20 178
20 179
20 180
20 181
20 182
20 183
20 184
20 185
20 186
20 187
20 188
20 189
20 190
20 191
20 192
20 193
20 194
20 195
20 196
20 197
20 198
20 199
20 200
20 201
20 202
20 203
20 204
20 205
20 206
20 207
20 208
20 209
20 210
20 211
20 212
20 213
20 214
20 215
20 216
20 217
20 218
20 219
20 220
20 221
20 222
20 223
20 224
20 225
20 226
20 227
20 228
20 229
20 230
20 231
20 232
20 233
20 234
20 235
20 236
20 237
20 238
20 239
20 240
20 241
20 242
20 243
20 244
20 245
20 246
20 247
20 248
20 249
20 250
20 251
20 252
20 253
20 254
20 255
20 256
20 257
20 258
20 259
20 260
20 261
20 262
20 263
20 264
20 265
20 266
20 267
20 268
20 269
20 270
20 271
20 272
20 273
20 274
20 275
20 276
20 277
20 278
20 279
20 280
20 281
20 282
20 283
20 284
20 285
20 286
20 287
20 288
20 289
20 290
20 291
20 292
20 293
20 294
20 295
20 296
20 297
20 298
20 299
20 300
20 301
20 302
20 303
20 304
20 305
20 306
20 307
20 308
20 309
20 310
20 311
20 312
20 313
20 314
20 315
20 316
20 317
20 318
20 319
20 320
20 321
20 322
20 323
20 324
20 325
20 326
20 327
20 328
20 329
20 330
20 331
20 332
20 333
20 334
20 335
20 336
20 337
20 338
20 339
20 340
20 341
20 342
20 343
20 344
20 345
20 346
20 347
20 348
20 349
20 350
20 351
20 352
20 353
20 354
20 355
20 356
20 357
20 358
20 359
20 360
20 361
20 362
20 363
20 364
20 365
20 366
20 367
20 368
20 369
20 370
20 371
20 372
20 373
20 374
20 375
20 376
20 377
20 378
20 379
20 380
20 381
20 382
20 383
20 384
20 385
20 386
20 387
20 388
20 389
20 390
20 391
20 392
20 393
20 394
20 395
20 396
20 397
20 398
20 399
20 400
20 401
20 402
20 403
20 404
20 405
20 406
20 407
20 408
20 409
20 410
20 411
20 412
20 413
20 414
20 415
20 416
20 417
20 418
20 419
20 420
20 421
20 422
20 423
20 424
20 425
20 426
20 427
20 428
20 429
20 430
20 431
20 432
20 433
20 434
20 435
20 436
20 437
20 438
20 439
20 440
20 441
20 442
20 443
20 444
20 445
20 446
20 447
20 448
20 449
20 450
20 451
20 452
20 453
20 454
20 455
20 456
20 457
20 458
20 459
20 460
20 461
20 462
20 463
20 464
20 465
20 466
20 467
20 468
20 469
20 470
20 471
20 472
20 473
20 474
20 475
20 476
20 477
20 478
20 479
20 480
20 481
20 482
20 483
20 484
20 485
20 486
20 487
20 488
20 489
20 490
20 491
20 492
20 493
20 494
20 495
20 496
20 497
20 498
20 499
20 500
20 501
20 502
20 503
20 504
20 505
20 506
20 507
20 508
20 509
20 510
20 511
21 2
21 3
21 4
21 5
21 6
21 7
21 8
21 9
21 10
21 11
21 12
21 13
21 14
21 15
21 16
21 17
21 18
21 19
21 20
21 21
21 22
21 23
21 24
21 25
21 26
21 27
21 28
21 29
21 30
21 31
21 32
21 33
21 34
21 35
21 36
21 37
21 38
21 39
21 40
21 41
21 42
21 43
21 44
21 45
21 46
21 47
21 48
21 49
21 50
21 51
21 52
21 53
21 54
21 55
21 56
21 57
21 58
21 59
21 60
21 61
21 62
21 63
21 64
21 65
21 66
21 67
21 68
21 69
21 70
21 71
21 72
21 73
21 74
21 75
21 76
21 77
21 78
21 79
21 80
21 81
21 82
21 83
21 84
21 85
21 86
21 87
21 88
21 89
21 90
21 91
21 92
21 93
21 94
21 95
21 96
21 97
21 98
21 99
21 101
21 102
21 103
21 104
21 105
21 106
21 107
21 108
21 109
21 110
21 111
21 112
21 113
21 114
21 115
21 116
21 117
21 118
21 119
21 120
21 121
21 122
21 123
21 124
21 125
21 126
21 127
21 128
21 129
21 130
21 131
21 132
21 133
21 134
21 135
21 136
21 137
21 138
21 139
21 140
21 141
21 142
21 143
21 144
21 145
21 146
21 147
21 148
21 149
21 150
21 151
21 152
21 153
21 154
21 155
21 156
21 157
21 158
21 159
21 160
21 161
21 162
21 163
21 164
21 165
21 166
21 167
21 168
21 169
21 170
21 171
21 172
21 173
21 174
21 175
21 176
21 177
21 178
21 179
21 180
21 181
21 182
21 183
21 184
21 185
21 186
21 187
21 188
21 189
21 190
21 191
21 192
21 193
21 194
21 195
21 196
21 197
21 198
21 199
21 200
21 201
21 202
21 203
21 204
21 205
21 206
21 207
21 208
21 209
21 210
21 211
21 212
21 213
21 214
21 215
21 216
21 217
21 218
21 219
21 220
21 221
21 222
21 223
21 224
21 225
21 226
21 227
21 228
21 229
21 230
21 231
21 232
21 233
21 234
21 235
21 236
21 237
21 238
21 239
21 240
21 241
21 242
21 243
21 244
21 245
21 246
21 247
21 248
21 249
21 250
21 251
21 252
21 253
21 254
21 255
21 256
21 257
21 258
21 259
21 260
21 261
21 262
21 263
21 264
21 265
21 266
21 267
21 268
21 269
21 270
21 271
21 272
21 273
21 274
21 275
21 276
21 277
21 278
21 279
21 280
21 281
21 282
21 283
21 284
21 285
21 286
21 287
21 288
21 289
21 290
21 291
21 292
21 293
21 294
21 295
21 296
21 297
21 298
21 299
21 300
21 301
21 302
21 303
21 304
21 305
21 306
21 307
21 308
21 309
21 310
21 311
21 312
21 313
21 314
21 315
21 316
21 317
21 318
21 319
21 320
21 321
21 322
21 323
21 324
21 325
21 326
21 327
21 328
21 329
21 330
21 331
21 332
21 333
21 334
21 335
21 336
21 337
21 338
21 339
21 340
21 341
21 342
21 343
21 344
21 345
21 346
21 347
21 348
21 349
21 350
21 351
21 352
21 353
21 354
21 355
21 356
21 357
21 358
21 359
21 360
21 361
21 362
21 363
21 364
21 365
21 366
21 367
21 368
21 369
21 370
21 371
21 372
21 373
21 374
21 375
21 376
21 377
21 378
21 379
21 380
21 381
21 382
21 383
21 384
21 385
21 386
21 387
21 388
21 389
21 390
21 391
21 392
21 393
21 394
21 395
21 396
21 397
21 398
21 399
21 400
21 401
21 402
21 403
21 404
21 405
21 406
21 407
21 408
21 409
21 410
21 411
21 412
21 413
21 414
21 415
21 416
21 417
21 418
21 419
21 420
21 421
21 422
21 423
21 424
21 425
21 426
21 427
21 428
21 429
21 430
21 431
21 432
21 433
21 434
21 435
21 436
21 437
21 438
21 439
21 440
21 441
21 442
21 443
21 444
21 445
21 446
21 447
21 448
21 449
21 450
21 451
21 452
21 453
21 454
21 455
21 456
21 457
21 458
21 459
21 460
21 461
21 462
21 463
21 464
21 465
21 466
21 467
21 468
21 469
21 470
21 471
21 472
21 473
21 474
21 475
21 476
21 477
21 478
21 479
21 480
21 481
21 482
21 483
21 484
21 485
21 486
21 487
21 488
21 489
21 490
21 491
21 492
21 493
21 494
21 495
21 496
21 497
21 498
21 499
21 500
21 501
21 502
21 503
21 504
21 505
21 506
21 507
21 508
21 509
21 510
21 511
22 0
22 2
22 3
22 4
22 5
22 6
22 7
22 8
22 9
22 10
22 11
22 12
22 13
22 14
22 15
22 16
22 17
22 18
22 19
22 20
22 21
22 22
22 23
22 24
22 25
22 26
22 27
22 28
22 29
22 30
22 31
22 32
22 33
22 34
22 35
22 36
22 37
22 38
22 39
22 40
22 41
22 42
22 43
22 44
22 45
22 46
22 47
22 48
22 49
22 50
22 51
22 52
22 53
22 54
22 55
22 56
22 57
22 58
22 59
22 60
22 61
22 62
22 63
22 64
22 65
22 66
22 67
22 68
22 69
22 70
22 71
22 72
22 73
22 74
22 75
22 76
22 77
22 78
22 79
22 80
22 81
22 82
22 83
22 84
22 85
22 86
22 87
22 88
22 89
22 90
22 91
22 92
22 93
22 94
22 95
22 96
22 97
22 98
22 99
22 100
22 101
22 102
22 103
22 104
22 105
22 106
22 107
22 108
22 109
22 110
22 111
22 112
22 113
22 114
22 115
22 116
22 117
22 118
22 119
22 120
22 121
22 122
22 123
22 124
22 125
22 126
22 127
22 128
22 129
22 130
22 131
22 132
22 133
22 134
22 135
22 136
22 137
22 138
22 139
22 140
22 141
22 142
22 143
22 144
22 145
22 146
22 147
22 148
22 150
22 151
22 152
22 153
22 154
22 155
22 156
22 157
22 158
22 159
22 160
22 161
22 162
22 163
22 164
22 165
22 166
22 167
22 168
22 169
22 170
22 171
22 172
22 173
22 174
22 175
22 176
22 177
22 178
22 179
22 180
22 181
22 182
22 183
22 184
22 185
22 186
22 187
22 188
22 189
22 190
22 191
22 192
22 193
22 194
22 195
22 196
22 197
22 198
22 199
22 200
22 201
22 202
22 203
22 204
22 205
22 206
22 207
22 208
22 209
22 210
22 211
22 212
22 214
22 215
22 216
22 217
22 218
22 219
22 220
22 221
22 222
22 223
22 224
22 225
22 226
22 227
22 228
22 229
22 230
22 232
22 233
22 234
22 235
22 236
22 237
22 238
22 239
22 240
22 241
22 242
22 243
22 244
22 245
22 246
22 247
22 248
22 249
22 250
22 251
22 252
22 253
22 254
22 255
22 256
22 257
22 258
22 259
22 260
22 261
22 262
22 263
22 264
22 265
22 266
22 267
22 268
22 269
22 270
22 271
22 272
22 273
22 274
22 275
22 276
22 277
22 278
22 279
22 280
22 281
22 282
22 283
22 284
22 285
22 286
22 287
22 288
22 289
22 290
22 291
22 292
22 293
22 294
22 295
22 296
22 297
22 298
22 299
22 300
22 301
22 302
22 303
22 304
22 305
22 306
22 307
22 308
22 309
22 310
22 311
22 312
22 313
22 314
22 315
22 316
22 317
22 318
22 319
22 320
22 321
22 322
22 323
22 324
22 325
22 326
22 327
22 328
22 329
22 330
22 331
22 332
22 333
22 334
22 335
22 336
22 337
22 338
22 339
22 340
22 341
22 342
22 343
22 344
22 345
22 346
22 347
22 348
22 349
22 350
22 351
22 352
22 353
22 354
22 355
22 356
22 357
22 358
22 359
22 360
22 361
22 362
22 363
22 364
22 365
22 366
22 367
22 368
22 369
22 370
22 371
22 372
22 373
22 374
22 375
22 376
22 377
22 378
22 379
22 380
22 381
22 382
22 383
22 384
22 385
22 386
22 387
22 388
22 389
22 390
22 391
22 392
22 393
22 394
22 395
22 396
22 397
22 398
22 399
22 400
22 401
22 402
22 403
22 404
22 405
22 406
22 407
22 408
22 409
22 410
22 411
22 412
22 413
22 414
22 415
22 416
22 417
22 418
22 419
22 420
22 421
22 422
22 423
22 424
22 425
22 426
22 427
22 428
22 429
22 430
22 431
22 432
22 433
22 434
22 435
22 436
22 437
22 438
22 439
22 440
22 441
22 442
22 443
22 444
22 445
22 446
22 447
22 448
22 449
22 450
22 451
22 452
22 453
22 454
22 455
22 456
22 457
22 458
22 459
22 460
22 461
22 462
22 463
22 464
22 465
22 466
22 467
22 468
22 469
22 470
22 471
22 472
22 473
22 474
22 475
22 476
22 477
22 478
22 479
22 480
22 481
22 482
22 483
22 484
22 485
22 486
22 487
22 488
22 489
22 490
22 491
22 492
22 493
22 494
22 495
22 496
22 497
22 498
22 499
22 500
22 501
22 502
22 503
22 504
22 505
22 506
22 507
22 508
22 509
22 510
22 511
23 2
23 3
23 4
23 5
23 6
23 7
23 8
23 9
23 10
23 11
23 12
23 13
23 14
23 15
23 16
23 17
23 18
23 19
23 20
23 21
23 22
23 23
23 24
23 25
23 26
23 27
23 28
23 29
23 30
23 31
23 32
23 33
23 34
23 35
23 36
23 37
23 38
23 40
23 41
23 42
23 43
23 45
23 46
23 47
23 48
23 49
23 50
23 51
23 52
23 53
23 54
23 55
23 56
23 57
23 58
23 59
23 60
23 61
23 62
23 63
23 64
23 65
23 66
23 67
23 68
23 69
23 70
23 71
23 72
23 73
23 74
23 75
23 76
23 77
23 78
23 79
23 80
23 81
23 82
23 83
23 84
23 85
23 86
23 87
23 88
23 89
23 90
23 91
23 92
23 93
23 94
23 95
23 96
23 97
23 98
23 100
23 101
23 102
23 103
23 104
23 105
23 106
23 108
23 109
23 110
23 111
23 112
23 113
23 114
23 115
23 116
23 117
23 118
23 119
23 120
23 121
23 122
23 123
23 124
23 125
23 126
23 127
23 128
23 129
23 130
23 131
23 132
23 133
23 134
23 135
23 136
23 137
23 138
23 139
23 140
23 141
23 142
23 143
23 144
23 145
23 146
23 147
23 148
23 149
23 150
23 151
23 152
23 153
23 154
23 157
23 158
23 159
23 160
23 161
23 162
23 163
23 164
23 165
23 166
23 167
23 168
23 169
23 170
23 171
23 172
23 173
23 174
23 175
23 176
23 177
23 178
23 179
23 180
23 181
23 182
23 183
23 184
23 185
23 186
23 187
23 188
23 189
23 190
23 191
23 192
23 193
23 194
23 195
23 196
23 197
23 198
23 199
23 200
23 201
23 202
23 203
23 204
23 205
23 206
23 207
23 208
23 209
23 210
23 211
23 212
23 213
23 214
23 215
23 216
23 217
23 218
23 219
23 220
23 221
23 222
23 223
23 224
23 225
23 226
23 227
23 228
23 229
23 230
23 231
23 232
23 233
23 234
23 235
23 236
23 237
23 238
23 239
23 240
23 241
23 242
23 243
23 244
23 245
23 246
23 247
23 248
23 249
23 250
23 251
23 252
23 253
23 254
23 255
23 256
23 257
23 258
23 259
23 260
23 261
23 262
23 263
23 264
23 265
23 266
23 267
23 268
23 269
23 270
23 271
23 272
23 273
23 275
23 277
23 278
23 279
23 280
23 283
23 284
23 285
23 286
23 287
23 288
23 289
23 290
23 291
23 292
23 293
23 295
23 296
23 297
23 298
23 299
23 300
23 301
23 302
23 303
23 304
23 305
23 306
23 307
23 308
23 309
23 310
23 311
23 312
23 313
23 314
23 315
23 316
23 317
23 318
23 319
23 320
23 321
23 322
23 323
23 324
23 325
23 326
23 327
23 328
23 330
23 331
23 332
23 333
23 334
23 335
23 336
23 337
23 338
23 339
23 340
23 341
23 342
23 343
23 344
23 345
23 346
23 347
23 348
23 349
23 350
23 351
23 352
23 353
23 354
23 356
23 357
23 358
23 359
23 360
23 361
23 362
23 363
23 364
23 365
23 366
23 367
23 368
23 369
23 370
23 371
23 372
23 373
23 374
23 375
23 376
23 377
23 378
23 379
23 380
23 381
23 382
23 383
23 384
23 385
23 386
23 387
23 388
23 389
23 390
23 391
23 392
23 393
23 394
23 395
23 396
23 397
23 398
23 399
23 400
23 401
23 402
23 403
23 404
23 405
23 406
23 407
23 408
23 409
23 410
23 411
23 412
23 413
23 414
23 415
23 416
23 417
23 418
23 419
23 420
23 421
23 422
23 423
23 424
23 425
23 426
23 427
23 428
23 429
23 430
23 431
23 432
23 433
23 434
23 435
23 436
23 437
23 438
23 439
23 440
23 441
23 442
23 443
23 444
23 445
23 446
23 447
23 448
23 449
23 450
23 451
23 452
23 453
23 454
23 455
23 456
23 457
23 458
23 459
23 460
23 461
23 462
23 463
23 464
23 465
23 466
23 467
23 468
23 469
23 470
23 471
23 472
23 473
23 474
23 475
23 476
23 477
23 478
23 479
23 480
23 481
23 482
23 483
23 484
23 485
23 486
23 487
23 488
23 489
23 490
23 491
23 492
23 493
23 494
23 495
23 496
23 497
23 498
23 499
23 500
23 501
23 502
23 503
23 504
23 505
23 506
23 507
23 508
23 509
23 510
23 511
24 0
24 2
24 4
24 5
24 6
24 7
24 9
24 10
24 11
24 12
24 13
24 14
24 15
24 17
24 18
24 19
24 20
24 21
24 22
24 23
24 24
24 25
24 26
24 28
24 29
24 30
24 31
24 32
24 33
24 34
24 35
24 36
24 37
24 38
24 39
24 40
24 41
24 42
24 43
24 44
24 46
24 47
24 49
24 50
24 51
24 52
24 53
24 54
24 55
24 56
24 57
24 58
24 59
24 60
24 61
24 62
24 63
24 64
24 65
24 66
24 67
24 68
24 69
24 70
24 72
24 73
24 74
24 75
24 76
24 77
24 78
24 79
24 80
24 81
24 84
24 85
24 86
24 87
24 88
24 89
24 90
24 91
24 92
24 93
24 94
24 96
24 97
24 98
24 99
24 101
24 102
24 103
24 104
24 105
24 106
24 107
24 108
24 109
24 110
24 111
24 112
24 113
24 114
24 115
24 116
24 117
24 118
24 119
24 120
24 121
24 122
24 123
24 124
24 125
24 126
24 127
24 128
24 129
24 130
24 131
24 133
24 134
24 135
24 136
24 137
24 139
24 141
24 143
24 144
24 145
24 146
24 147
24 148
24 150
24 151
24 153
24 154
24 155
24 156
24 159
24 160
24 161
24 162
24 163
24 164
24 165
24 166
24 167
24 168
24 169
24 170
24 171
24 172
24 173
24 175
24 176
24 177
24 179
24 180
24 181
24 182
24 183
24 184
24 185
24 186
24 187
24 188
24 189
24 190
24 191
24 192
24 193
24 194
24 195
24 196
24 197
24 198
24 199
24 200
24 201
24 202
24 203
24 204
24 205
24 206
24 207
24 208
24 209
24 210
24 211
24 212
24 214
24 215
24 217
24 218
24 219
24 220
24 222
24 223
24 224
24 225
24 226
24 227
24 228
24 229
24 230
24 232
24 233
24 234
24 235
24 236
24 237
24 238
24 239
24 240
24 242
24 243
24 244
24 245
24 246
24 247
24 248
24 249
24 250
24 253
24 255
24 256
24 257
24 258
24 260
24 261
24 264
24 265
24 266
24 267
24 268
24 269
24 270
24 271
24 272
24 273
24 274
24 275
24 276
24 277
24 278
24 279
24 280
24 281
24 282
24 283
24 284
24 285
24 287
24 288
24 289
24 290
24 292
24 293
24 294
24 295
24 296
24 297
24 298
24 299
24 300
24 302
24 303
24 304
24 305
24 307
24 309
24 310
24 311
24 312
24 313
24 314
24 315
24 317
24 318
24 319
24 321
24 322
24 323
24 324
24 325
24 327
24 328
24 329
24 330
24 331
24 332
24 333
24 334
24 336
24 337
24 338
24 339
24 341
24 342
24 343
24 344
24 345
24 346
24 348
24 349
24 350
24 351
24 352
24 353
24 355
24 356
24 358
24 359
24 361
24 362
24 363
24 364
24 365
24 366
24 367
24 368
24 369
24 370
24 371
24 372
24 373
24 375
24 376
24 378
24 379
24 380
24 381
24 382
24 383
24 384
24 385
24 386
24 387
24 388
24 389
24 391
24 392
24 393
24 394
24 395
24 396
24 397
24 398
24 399
24 400
24 401
24 405
24 406
24 407
24 408
24 409
24 410
24 411
24 412
24 413
24 414
24 415
24 416
24 417
24 418
24 419
24 420
24 421
24 422
24 423
24 424
24 425
24 426
24 427
24 428
24 429
24 430
24 431
24 432
24 433
24 434
24 435
24 436
24 437
24 438
24 439
24 440
24 441
24 442
24 443
24 444
24 445
24 446
24 447
24 448
24 449
24 450
24 451
24 452
24 453
24 454
24 455
24 456
24 457
24 458
24 459
24 460
24 461
24 462
24 463
24 464
24 465
24 466
24 467
24 468
24 469
24 470
24 471
24 472
24 473
24 474
24 475
24 476
24 477
24 478
24 479
24 480
24 481
24 482
24 483
24 484
24 485
24 486
24 487
24 488
24 489
24 490
24 491
24 492
24 493
24 494
24 495
24 496
24 497
24 498
24 499
24 500
24 501
24 502
24 503
24 504
24 505
24 506
24 507
24 508
24 509
24 510
24 511
25 3
25 5
25 6
25 8
25 9
25 10
25 11
25 13
25 14
25 15
25 16
25 18
25 20
25 21
25 22
25 23
25 24
25 25
25 26
25 27
25 29
25 30
25 33
25 34
25 35
25 37
25 38
25 41
25 43
25 45
25 46
25 47
25 48
25 49
25 50
25 51
25 53
25 55
25 58
25 62
25 64
25 66
25 67
25 70
25 71
25 72
25 73
25 74
25 78
25 79
25 82
25 83
25 84
25 85
25 87
25 88
25 89
25 90
25 93
25 95
25 96
25 97
25 100
25 103
25 105
25 106
25 109
25 111
25 112
25 113
25 114
25 117
25 118
25 119
25 121
25 122
25 123
25 125
25 126
25 127
25 128
25 130
25 132
25 133
25 134
25 135
25 137
25 138
25 139
25 140
25 141
25 142
25 144
25 147
25 148
25 149
25 150
25 152
25 153
25 154
25 157
25 158
25 160
25 161
25 162
25 163
25 167
25 168
25 169
25 171
25 172
25 173
25 174
25 175
25 176
25 177
25 178
25 180
25 181
25 184
25 185
25 187
25 188
25 190
25 191
25 192
25 193
25 194
25 195
25 197
25 198
25 199
25 201
25 202
25 203
25 204
25 208
25 210
25 212
25 213
25 215
25 216
25 217
25 218
25 220
25 221
25 222
25 223
25 224
25 226
25 227
25 228
25 229
25 230
25 231
25 233
25 237
25 238
25 239
25 241
25 242
25 243
25 246
25 248
25 250
25 251
25 252
25 253
25 254
25 256
25 258
25 259
25 260
25 261
25 262
25 263
25 265
25 266
25 267
25 268
25 269
25 271
25 272
25 273
25 275
25 277
25 279
25 280
25 283
25 284
25 286
25 287
25 288
25 291
25 293
25 295
25 296
25 297
25 298
25 299
25 300
25 301
25 302
25 303
25 305
25 306
25 307
25 308
25 309
25 312
25 314
25 315
25 316
25 320
25 322
25 323
25 324
25 325
25 326
25 328
25 331
25 332
25 333
25 334
25 335
25 336
25 340
25 342
25 344
25 347
25 348
25 349
25 350
25 351
25 352
25 354
25 357
25 360
25 361
25 362
25 363
25 365
25 367
25 368
25 369
25 370
25 371
25 372
25 373
25 374
25 375
25 377
25 379
25 380
25 383
25 387
25 390
25 391
25 392
25 393
25 394
25 395
25 396
25 398
25 399
25 400
25 401
25 402
25 403
25 404
25 405
25 406
25 407
25 408
25 409
25 410
25 411
25 412
25 413
25 414
25 415
25 416
25 417
25 418
25 419
25 420
25 421
25 422
25 423
25 424
25 425
25 426
25 427
25 428
25 429
25 430
25 431
25 432
25 433
25 434
25 435
25 436
25 437
25 438
25 439
25 440
25 441
25 442
25 443
25 444
25 445
25 446
25 447
25 448
25 449
25 450
25 451
25 452
25 453
25 454
25 455
25 456
25 457
25 458
25 459
25 460
25 461
25 462
25 463
25 464
25 465
25 466
25 467
25 468
25 469
25 470
25 471
25 472
25 473
25 474
25 475
25 476
25 477
25 478
25 479
25 480
25 481
25 482
25 483
25 484
25 485
25 486
25 487
25 488
25 489
25 490
25 491
25 492
25 493
25 494
25 495
25 496
25 497
25 498
25 499
25 500
25 501
25 502
25 503
25 504
25 505
25 506
25 507
25 508
25 509
25 510
25 511
26 0
26 2
26 4
26 5
26 7
26 10
26 12
26 13
26 14
26 17
26 19
26 24
26 28
26 31
26 32
26 35
26 36
26 38
26 39
26 40
26 41
26 42
26 44
26 47
26 51
26 52
26 54
26 56
26 57
26 58
26 59
26 60
26 61
26 62
26 63
26 64
26 65
26 68
26 69
26 75
26 76
26 77
26 80
26 81
26 86
26 89
26 90
26 91
26 92
26 94
26 98
26 99
26 101
26 102
26 103
26 104
26 106
26 107
26 108
26 109
26 110
26 113
26 115
26 116
26 117
26 119
26 120
26 121
26 122
26 123
26 124
26 128
26 129
26 130
26 131
26 135
26 136
26 137
26 143
26 145
26 146
26 150
26 151
26 154
26 155
26 156
26 159
26 160
26 161
26 163
26 164
26 165
26 166
26 168
26 169
26 170
26 175
26 179
26 182
26 183
26 186
26 187
26 189
26 190
26 195
26 196
26 198
26 200
26 204
26 205
26 206
26 207
26 209
26 211
26 212
26 214
26 217
26 219
26 220
26 222
26 223
26 225
26 229
26 230
26 232
26 234
26 235
26 236
26 237
26 238
26 239
26 240
26 244
26 245
26 247
26 249
26 250
26 253
26 255
26 256
26 257
26 261
26 264
26 269
26 270
26 274
26 275
26 276
26 277
26 278
26 279
26 280
26 281
26 282
26 283
26 285
26 288
26 289
26 290
26 292
26 293
26 294
26 296
26 299
26 303
26 304
26 305
26 309
26 310
26 311
26 313
26 317
26 318
26 319
26 321
26 327
26 329
26 330
26 331
26 332
26 336
26 337
26 338
26 339
26 341
26 343
26 345
26 346
26 348
26 349
26 350
26 351
26 353
26 355
26 356
26 358
26 359
26 363
26 364
26 366
26 367
26 376
26 378
26 381
26 382
26 384
26 385
26 386
26 387
26 388
26 389
26 391
26 393
26 394
26 395
26 397
26 401
26 405
26 406
26 407
26 408
26 411
26 413
26 414
26 416
26 419
26 421
26 424
26 428
26 429
26 430
26 435
26 437
26 441
26 443
26 446
26 447
26 450
26 451
26 452
26 453
26 454
26 458
26 459
26 461
26 462
26 463
26 466
26 469
26 472
26 474
26 475
26 479
26 480
26 481
26 482
26 486
26 490
26 494
26 501
26 502
26 504
26 505
26 508
26 509
26 510
27 6
27 8
27 9
27 11
27 15
27 18
27 20
27 21
27 22
27 25
27 26
27 27
27 29
27 30
27 33
27 34
27 37
27 43
27 45
27 46
27 48
27 49
27 50
27 53
27 55
27 66
27 67
27 70
27 72
27 73
27 74
27 78
27 79
27 84
27 85
27 87
27 88
27 93
27 96
27 97
27 105
27 111
27 112
27 114
27 118
27 123
27 125
27 126
27 127
27 133
27 134
27 139
27 141
27 144
27 147
27 148
27 153
27 162
27 167
27 171
27 172
27 173
27 176
27 180
27 184
27 185
27 187
27 188
27 191
27 192
27 193
27 194
27 197
27 199
27 201
27 202
27 203
27 208
27 210
27 215
27 218
27 224
27 228
27 229
27 233
27 242
27 243
27 246
27 248
27 258
27 260
27 265
27 266
27 267
27 268
27 271
27 272
27 273
27 275
27 283
27 284
27 287
27 295
27 297
27 298
27 300
27 302
27 307
27 312
27 314
27 315
27 322
27 323
27 324
27 325
27 328
27 333
27 334
27 335
27 342
27 344
27 352
27 354
27 361
27 362
27 365
27 368
27 369
27 370
27 371
27 372
27 373
27 374
27 375
27 379
27 380
27 383
27 392
27 396
27 398
27 399
27 401
27 403
27 409
27 410
27 412
27 415
27 417
27 418
27 420
27 422
27 423
27 425
27 426
27 427
27 431
27 432
27 433
27 434
27 436
27 438
27 439
27 440
27 442
27 444
27 445
27 448
27 449
27 455
27 456
27 457
27 460
27 464
27 465
27 467
27 468
27 470
27 471
27 473
27 476
27 477
27 478
27 483
27 484
27 485
27 487
27 488
27 489
27 491
27 492
27 493
27 495
27 496
27 497
27 498
27 499
27 500
27 503
27 506
27 507
27 511
28 5
28 10
28 13
28 14
28 16
28 23
28 24
28 35
28 38
28 41
28 47
28 51
28 58
28 62
28 64
28 82
28 89
28 90
28 103
28 106
28 109
28 113
28 117
28 119
28 121
28 122
28 130
28 135
28 137
28 150
28 154
28 157
28 160
28 161
28 163
28 168
28 169
28 174
28 177
28 181
28 190
28 198
28 204
28 216
28 217
28 220
28 221
28 222
28 223
28 226
28 227
28 230
28 237
28 241
28 251
28 252
28 253
28 256
28 259
28 262
28 263
28 277
28 279
28 280
28 288
28 293
28 296
28 301
28 303
28 305
28 306
28 308
28 326
28 331
28 332
28 336
28 349
28 350
28 351
28 363
28 367
28 387
28 390
28 391
28 393
28 394
28 395
28 400
28 404
28 405
28 406
28 407
28 408
28 411
28 413
28 414
28 416
28 419
28 421
28 424
28 428
28 429
28 430
28 435
28 437
28 441
28 443
28 446
28 447
28 450
28 451
28 452
28 453
28 454
28 458
28 459
28 461
28 462
28 463
28 466
28 469
28 472
28 474
28 475
28 479
28 480
28 481
28 482
28 486
28 490
28 494
28 501
28 502
28 504
28 505
28 508
28 509
28 510
29 3
29 123
29 128
29 138
29 140
29 175
29 187
29 195
29 212
29 229
29 238
29 239
29 261
29 275
29 283
29 299
29 348
29 401
29 402
30 484
61 1
76 455
77 415
80 481
83 496
84 497
85 424
85 426
88 456
88 467
89 414
89 459
90 416
90 427
90 430
91 462
91 465
91 492
92 494
94 437
94 488
94 490
95 417
96 477
96 483
97 407
97 470
97 487
98 409
98 502
