-65
-59.7043
-55.3264
-52.1727
-54.2262
-54.3014
-53.8793
-63.6395
-72.0798
-74.3568
-72.6241
-76.5265
-71.4914
-74.7945
-75.0485
-70.3954
-71.9273
-74.572
-73.2971
-70.7936
-72.1099
-69.0061
-74.1333
-72.503
-67.1986
-67.3045
-61.6007
-62.7863
-63.8664
-74.3203
-74.1663
-72.6788
-72.3554
-70.0351
-66.3093
-62.9617
-64.8738
-58.2649
-55.7324
-53.507
-46.9491
-44.9113
-23.9173
100.724
-54.8899
-65.067
-67.2476
-69.8932
-71.4084
-73.9877
-73.0677
-74.4698
-76.0774
-71.5858
-80.347
-78.1094
-75.1807
-70.9192
-72.2425
-73.0012
-75.1185
-72.6808
-74.1019
-73.5734
-73.5321
-73.5451
-73.5663
-71.792
-74.2413
-68.5346
-74.0552
-75.7878
-69.6968
-66.4973
-64.1792
-65.7881
-62.9429
-67.9953
-67.2575
-65.7887
-66.5389
-73.4776
-66.5363
-72.5248
-72.7828
-76.8309
-73.7935
-77.2871
-76.3975
-70.1451
-71.0403
-66.2751
-70.5332
-77.9605
-71.3033
-72.7561
-75.432
-70.4128
-66.9931
-73.7094
-73.1229
-71.0393
-74.2967
-74.3527
-78.0611
-71.3795
-71.9496
-67.6037
-66.7415
-74.2248
-66.6261
-67.2047
-68.9032
-68.4176
-72.377
-70.6107
-77.1655
-72.665
-75.2512
-72.4186
-70.4086
-71.8251
-70.7644
-75.8489
-71.3944
-67.5606
-67.3802
-65.7678
-68.5502
-72.4728
-71.2211
-72.0013
-63.9547
-62.9257
-60.4758
-71.1126
-73.2646
-73.2459
-70.7148
-65.0517
-71.2196
-66.2466
-69.0827
-67.3834
-68.202
-70.036
-73.6621
-72.5284
-70.9697
-67.8674
-64.3572
-56.7438
-55.3012
-52.4598
-48.61
-41.3901
-16.6385
162.199
-43.7317
-40.3898
-23.878
72.8899
-51.8844
-58.0612
-64.5168
-75.35
-72.974
-73.4362
-79.2474
-78.1536
-76.2893
-78.1696
-79.6213
-76.851
-77.1003
-74.5662
-74.7498
-76.3139
-81.5534
-73.1941
-73.749
-75.519
-74.5652
-68.9251
-71.5337
-78.0585
-75.3057
-75.6109
-78.0008
-74.3063
-71.4248
-73.2559
-76.2669
-74.4514
-73.5746
-69.7156
-76.9024
-71.2753
-69.0252
-72.9525
-81.0274
-75.6669
-76.8315
-74.2353
-71.2664
-71.8541
-72.3817
-75.1358
-76.1073
-76.139
-82.2376
-73.2392
-68.83
-69.7231
-70.2859
-73.0834
-70.74
-73.8868
-74.0611
-71.287
-70.1692
-63.9019
-62.7908
-72.4033
-71.808
-67.7915
-73.9986
-73.9116
-73.5192
-73.6914
-74.8085
-70.1636
-69.914
-71.3074
-74.4547
-71.8699
-69.0149
-71.446
-72.7036
-70.6239
-76.6608
-73.8155
-74.4461
-76.2061
-75.3069
-69.1346
-76.3919
-75.2411
-79.3438
-75.9615
-73.4506
-73.9437
-71.3202
-74.5384
-74.0371
-74.4679
-69.0969
-68.9363
-65.6973
-68.0493
-63.4758
-68.0775
-65.0419
-65.5826
-58.5151
-57.1587
-65.342
-68.3198
-68.8959
-66.0328
-71.0014
-68.7311
-72.2664
-68.8624
-67.3859
-66.25
-64.7881
-64.847
-70.3948
-73.8889
-70.1385
-76.8723
-78.269
-74.7454
-72.9178
-69.8007
-71.4295
-73.1225
-65.3525
-66.1345
-67.069
-65.5523
-62.8197
-66.0661
-65.0066
-69.9706
-66.4765
-69.4341
-65.9996
-69.0774
-68.2612
-61.4375
-66.122
-74.604
-73.5079
-71.1746
-68.0866
-68.7706
-69.1801
-69.1669
-69.1173
-68.0105
-69.2076
-73.8865
-68.9098
-69.1536
-66.0207
-69.8089
-73.2729
-65.1801
-71.9772
-71.2253
-65.5324
-66.2792
-67.4415
-69.2045
-70.2199
-73.6815
-68.3747
-65.0035
-67.8602
-71.6388
-67.0526
-72.1528
-69.1917
-69.1138
-68.75
-64.1262
-69.4751
-71.8058
-76.593
-73.2535
-75.4443
-75.1988
-73.0871
-71.2425
-76.6371
-75.4503
-72.3069
-76.539
-75.8918
-68.4494
-63.7538
-56.6568
-64.5015
-67.2921
-71.8301
-66.8845
-68.9162
-65.3795
-70.8757
-69.4104
-69.9328
-65.0092
-71.629
-72.5332
-68.791
-64.0456
-70.7757
-63.941
-71.2754
-71.0749
-73.5468
-67.4152
-66.7784
-73.1814
-71.4873
-75.5701
-70.0985
-64.8183
-60.285
-53.8034
-49.2815
-43.9275
-24.1647
94.627
-39.9115
-13.276
216.243
-54.3253
-55.7074
-63.8711
-69.0735
-75.6916
-75.5814
-76.5027
-75.4386
-82.8888
-74.7303
-75.064
-78.8719
-78.6808
-78.7584
-79.4964
-68.8435
-72.8561
-76.3752
-74.8856
-74.652
-75.4161
-73.1673
-75.2162
-69.46
-67.3859
-74.8123
-70.9739
-68.6732
-70.0721
-76.9064
-78.2787
-70.1416
-73.6296
-74.1398
-75.3269
-70.7639
-81.007
-74.0478
-66.9286
-74.1636
-77.401
-74.2753
-80.6957
-74.0874
-73.3997
-72.2026
-75.4439
-74.5889
-75.0379
-69.5334
-59.0897
-62.7866
-71.1751
-74.722
-76.9841
-73.0386
-81.1307
-70.2949
-74.2677
-69.7513
-71.4998
-69.714
-66.5835
-73.6998
-65.2534
-65.957
-65.9803
-72.4
-77.4227
-74.3141
-76.4748
-68.493
-69.4137
-72.0214
-73.5977
-73.6821
-69.4355
-71.5245
-73.2128
-70.0456
-66.2543
-74.3477
-74.9709
-74.9343
-72.5261
-73.8395
-65.1499
-66.7368
-65.1725
-67.0867
-69.9018
-76.3984
-66.6991
-72.7317
-71.3342
-65.7697
-74.7905
-74.8684
-70.7866
-74.5228
-74.0067
-74.1564
-73.3233
-72.7858
-65.8231
-73.7783
-70.8087
-70.408
-67.66
-70.5074
-69.3734
-76.5362
-77.5506
-72.0068
-72.4634
-67.6749
-71.2108
-72.7002
-71.0083
-69.3482
-62.3929
-58.3596
-52.7966
-39.6588
-11.8609
254.763
-49.0461
-51.4005
-50.7589
-59.675
-59.6524
-62.3503
-69.1327
-75.6607
-73.9883
-70.8436
-75.4068
-73.2475
-75.3452
-76.264
-72.0348
-72.0922
-76.7766
-71.4811
-76.0756
-70.7722
-72.4776
-69.8713
-69.5967
-77.9154
-76.546
-75.8892
-73.6118
-79.9239
-73.4978
-75.2726
-74.5367
-74.2776
-73.8325
-75.8516
-71.5289
-73.9524
-74.144
-77.7834
-70.2796
-74.5563
-73.6394
-69.889
-69.4419
-69.1449
-66.8073
-68.4574
-70.5131
-67.8287
-62.0571
-73.0598
-70.174
-68.7147
-67.8062
-63.9518
-68.288
-71.388
-73.7031
-69.9554
-74.6262
-73.4015
-70.0493
-65.775
-72.7011
-66.8432
-69.4354
-70.988
-67.957
-70.9131
-71.8648
-73.5057
-71.4189
-74.1344
-73.2405
-74.1107
-71.7782
-68.015
-64.5217
-58.3783
-58.3065
-65.0153
-65.0888
-63.8638
-66.8002
-68.6521
-63.7978
-68.6552
-64.886
-63.8505
-67.9346
-70.342
-66.6573
-72.3519
-74.7791
-69.4959
-72.2098
-73.9288
-71.2697
-70.1927
-59.6893
-65.2991
-64.961
-65.6108
-66.4487
-61.76
-67.2465
-72.3008
-68.6563
-67.51
-63.7951
-72.5899
-63.5695
-64.1428
-68.1105
-73.0514
-70.5967
-74.7103
-79.1882
-75.4971
-71.7989
-66.8241
-61.0876
-76.306
-74.8123
-73.8128
-68.321
-71.9838
-77.0957
-71.1368
-66.3289
-68.1529
-68.1979
-70.5577
-76.5336
-69.2312
-69.5492
-71.2345
-72.2093
-72.4688
-63.4122
-65.3753
-64.6937
-69.8793
-72.4292
-72.0934
-72.1718
-68.671
-71.4805
-69.5875
-73.5008
-72.0809
-68.9476
-68.4087
-64.1188
-69.1439
-68.4236
-63.4242
-71.7125
-72.9021
-71.5823
-68.5292
-70.095
-67.4125
-73.9058
-74.728
-75.9261
-67.644
-67.9666
-64.4078
-68.9674
-72.2852
-73.3971
-73.226
-74.8173
-71.8234
-69.7445
-65.3879
-58.9288
-62.358
-67.422
-69.8447
-71.3799
-63.5052
-57.8138
-63.8732
-69.1381
-72.6762
-66.7956
-68.2394
-67.9554
-68.964
-69.7487
-66.9673
-65.3643
-73.1639
-69.5824
-68.0797
-70.6902
-67.8859
-70.5932
-76.4509
-73.5511
-69.8824
-71.2377
-69.916
-68.2597
-68.9859
-64.8425
-62.8194
-71.5434
-72.0572
-71.8956
-69.9626
-65.8332
-64.4954
-66.9179
-74.7917
-68.0832
-65.3947
-64.1336
-63.338
-68.4136
-60.1488
-67.4637
-77.6016
-72.299
-68.1522
-65.3317
-66.8458
-70.6494
-68.6713
-70.4428
-62.9533
-65.853
-67.6727
-66.3404
-68.7588
-70.4572
-73.3773
-72.7828
-67.7423
-72.1588
-72.7569
-71.1816
-67.3957
-65.4745
-66.5363
-66.5196
-67.0964
-65.2058
-63.2186
-61.5889
-63.8271
-65.9126
-68.3895
-68.4493
-77.6786
-71.7541
-71.3165
-69.2629
-74.5512
-75.0614
-73.036
-75.2217
-72.5818
-67.2729
-66.125
-70.2052
-68.009
-64.621
-65.0394
-74.394
-69.6069
-72.7345
-70.9737
-75.1691
-67.8107
-72.9305
-71.4772
-70.5165
-69.7925
-71.6851
-75.3321
-73.8005
-67.1651
-63.153
-62.3735
-66.2174
-68.887
-68.3965
-71.0649
-71.6149
-69.8788
-68.9003
-75.9632
-71.9025
-68.8253
-63.7078
-68.3733
-66.0342
-69.7845
-73.5175
-72.8652
-75.0423
-72.1695
-78.9811
-78.4049
-69.7941
-72.5926
-71.7578
-68.2317
-72.7743
-64.9244
-69.1752
-67.0945
-62.996
-58.7696
-66.4648
-74.4035
-69.1114
-66.8569
-65.4962
-63.0722
-68.883
-67.9779
-63.3611
-63.4334
-63.6361
-63.1606
-65.1592
-70.9826
-76.2453
-75.657
-74.5273
-73.4605
-64.3005
-66.7588
-67.4476
-70.419
-71.8947
-73.6731
-64.9493
-70.4706
-64.4
-71.9406
-66.0079
-69.7161
-62.2171
-65.8048
-64.7427
-62.0131
-64.5846
-69.288
-65.1004
-65.9305
-68.753
-64.823
-66.3915
-71.6551
-65.3353
-70.6615
-75.1716
-77.7425
-76.319
-74.6289
-72.3022
-66.2459
-68.5778
-63.9762
-58.1823
-64.0416
-75.3207
-71.6906
-76.0139
-72.3677
-72.3944
-67.887
-74.2479
-71.3869
-73.699
-70.2239
-72.5596
-67.9273
-69.8129
-63.7184
-70.8679
-71.6914
-74.0069
-73.7775
-71.2835
-74.5436
-69.6252
-69.4605
-70.3713
-69.1966
-63.7518
-64.8896
-67.9574
-67.8369
-62.0071
-64.0355
-76.0379
-68.8233
-68.1037
-67.6091
-68.9392
-75.9546
-68.7686
-66.3269
-65.5927
-71.3403
-74.2302
-64.3857
-72.3531
-72.483
-65.6926
-65.7485
-67.7611
-76.5371
-68.384
-68.6394
-75.5159
-67.6427
-65.612
-65.3358
-65.9625
-71.6174
-69.1689
-72.482
-70.225
-61.389
-62.3659
-69.4837
-71.4064
-62.7676
-63.9566
-57.8638
-55.077
-60.9411
-63.5393
-65.4873
-68.9847
-66.1312
-64.0881
-68.0663
-77.1313
-78.3173
-79.192
-69.2564
-69.3226
-69.2214
-69.5714
-69.7955
-63.8779
-67.7001
-65.4079
-70.7426
-70.5977
-70.1916
-64.4369
-67.5528
-73.4396
-73.9429
-71.1431
-74.0051
-71.8856
-73.473
-70.6158
-67.4514
-65.8946
-70.3258
-66.3845
-64.2139
-59.3456
-67.7464
-71.3855
-73.6641
-73.2238
-71.0317
-69.596
-73.014
-73.1756
-65.7458
-70.5485
-73.5899
-71.6954
